WZ
1,31898;
2,18374;
3,29397;
4,26532;
5,28064;
6,19200;
7,5556;
8,25100;
9,60541;
10,51051;
11,23930;
12,7243;
13,15122;
14,11263;
15,48871;
16,12053;
17,42425;
18,1517;
19,32434;
20,17111;
21,50758;
22,23456;
23,25736;
24,23220;
25,42756;
26,26549;
27,19986;
28,32652;
29,17844;
30,46086;
31,41453;
32,19184;
33,30355;
34,38054;
35,41647;
36,21041;
37,42834;
38,1500;
39,41450;
40,29008;
41,33309;
42,22569;
43,37666;
44,30220;
45,28822;
46,27717;
47,32470;
48,43737;
49,32472;
50,33057;
51,54654;
52,49635;
53,40566;
54,15334;
55,41608;
56,8208;
57,18810;
58,49654;
59,8027;
60,34812;
61,34151;
62,25320;
63,42581;
64,42236;
65,50744;
66,37006;
67,34254;
68,30237;
69,12640;
70,14831;
71,45844;
72,39204;
73,49353;
74,34381;
75,23917;
76,30092;
77,50646;
78,28706;
79,24857;
80,51083;
81,19555;
82,49180;
83,39503;
84,35599;
85,56769;
86,26661;
87,38972;
88,50875;
89,41915;
90,15967;
91,12296;
92,14060;
93,28308;
94,6177;
95,28625;
96,22711;
97,35080;
98,17661;
99,29104;
